0.9999999999999998 -4.33680868994202e-19 -8.673617379884035e-19 -4.656612873077393e-10 3.0357660829594124e-18 1.0 2.7755575615628914e-17 -1.4551915228366852e-11 0.0 2.7755575615628914e-17 1.0 -4.501998773775995e-10
0.9999997502842553 0.000132436359253 0.0006941844410517 -0.1827891701832413 -0.0001324689696026 0.9999999901247396 4.693072315894997e-05 -0.0089680743476492 -0.0006941782188624 -4.702266933712118e-05 0.9999997579527056 0.2089109266280502
0.9999992996042824 -0.000695297452297 0.0009577851518654 -0.3521284000016749 0.0006955556180106 0.999999721856663 -0.0002692377734555 -0.0201990863279206 -0.0009575976851259 0.0002699037777258 0.9999995050791898 0.3829239512733693
0.9999999419877654 -0.0002643342646473 0.0002148298449291 -0.508692632894963 0.0002644156880871 0.9999998931937508 -0.0003790736479124 -0.0332359016028931 -0.0002147296198299 0.0003791304303029 0.9999999050756492 0.524682356228368
0.9999991755561886 0.0009062828545414 0.0009096913381649 -0.6531568071804941 -0.0009057409694872 0.9999994122588612 -0.0005959154542627 -0.0476213828078471 -0.0009102308714609 0.0005950910182494 0.9999994086730456 0.6368294442636397
0.9999980917235456 0.0018985996791241 0.0004602917834784 -0.7861958597786725 -0.0018982936248366 0.9999979774975444 -0.0006644412197927 -0.062898395670345 -0.0004615523604239 0.0006635661828971 0.9999996733246168 0.7220084957980362
0.9999966318492328 0.0025929661012313 0.0001132121356834 -0.9084847336634994 -0.0025929013584399 0.9999964769304858 -0.0005683213543624 -0.0786098022290389 -0.0001146853748357 0.00056802589227 0.9999998320969112 0.7828628177894643
0.9999927860503388 0.0037962977779938 0.0001263742935938 -1.0206983657553792 -0.0037962195310501 0.9999926059839952 -0.0006137545192873 -0.094298467716726 -0.0001287033540981 0.0006132703471316 0.9999998036674448 0.8220356953124792
0.999984360981927 0.0055901415166098 0.0001676585556358 -1.1235116976313293 -0.0055900189871094 0.999984114640464 -0.0007226025541785 -0.1095072561874985 -0.0001716953428575 0.0007216540388748 0.999999724868041 0.8421704204247362
0.9999694594434066 0.0078110534839849 -0.000260046017849 -1.2175996671430769 -0.0078112349792644 0.999969243746428 -0.0007043928560389 -0.1237790308805415 0.0002545359695354 0.00070640262404 0.9999997181033468 0.8459102921715385
0.9999408255604824 0.0108720618838609 -0.0003790089899178 -1.3036372121423483 -0.0108722965990635 0.9999407008684996 -0.0006228268424542 -0.1366566562937805 0.0003722151030398 0.0006269106851771 0.9999997342194198 0.8358985993527313
0.999879586602651 0.0154331383036138 -0.001621893157172 -1.3822992742061615 -0.0154340434378879 0.9998807384105528 -0.000547045450707 -0.1476829965395154 0.0016132570995171 0.0005720119485453 0.999998535100858 0.8147786354238633
0.9997591887104536 0.0218989088743123 -0.0014150544620656 -1.4542607935145495 -0.0218997191209418 0.9997600157489358 -0.0005596535637839 -0.1564009150461061 0.0014024590688858 0.0005905080881477 0.999998842203709 0.7851936970982933
0.9995961936712048 0.0282752361118389 -0.0028214572226239 -1.5201967074535787 -0.0282769145909981 0.9995999730362606 -0.0005567828307988 -0.1623532761368551 0.0028045853976539 0.0006363401032743 0.9999958646774598 0.7497870745746695
0.999430460791866 0.0335964070171403 -0.0031678820838572 -1.580781958065927 -0.0335984972908882 0.9994352256100354 -0.0006089249641787 -0.1650829436985077 0.0031456352542464 0.0007150142351492 0.9999947968532092 0.7112020627037055
0.9991867771405208 0.0401935247141727 -0.0032038974063313 -1.6366914813406763 -0.0401955089461333 0.9991916785325586 -0.0005573256223364 -0.1641327816032571 0.003178906746103 0.000685654679259 0.9999947122008 0.6720819549427688
0.9990288164398002 0.043805503050033 -0.0047436089030893 -1.6886002183891833 -0.0438075486330029 0.9990399346413926 -0.0003281379117332 -0.1590456542471656 0.0047246804822134 0.000535625107306 0.9999886951861434 0.6350700424181923
0.9988500487438484 0.0478028628154199 -0.0036696636170089 -1.737183109391481 -0.0478045385777297 0.9988566408660816 -0.0003702554489528 -0.1493644246220355 0.0036477686031611 0.0005452562491809 0.999993198216788 0.602809624640031
0.998820700283866 0.0483245174369666 -0.0046850505794498 -1.783115092664957 -0.0483266136106901 0.998831530374472 -0.0003351816116803 -0.1346319575968664 0.0046633787505155 0.0005611989612005 0.9999889689163356 0.5779439890129652
0.9989383851108932 0.0458008911364461 -0.0049377244908965 -1.8270711079239843 -0.0458029729523185 0.9989504452182532 -0.0003093007972183 -0.1143911168910563 0.0049183758264043 0.0005351349001894 0.9999877615300446 0.5631164299184093
0.9990202981258272 0.0439328911809874 -0.0053240027294153 -1.9117301777005196 -0.0439380080855809 0.9990338995615108 -0.0008479223975175 -0.0556740219326457 0.0052816075256239 0.0010810177613283 0.9999854679056818 0.5738739458665805
0.9989026714305892 0.0467465042503325 -0.0028665919147554 -1.9534678095951676 -0.0467471113949823 0.9989067456545158 -0.0001451279773701 -0.017786016993341 0.0028566737750768 0.0002789736158575 0.9999958807858484 0.6012543184351671
0.9992510874597372 0.0385297785451791 -0.003566563583049 -1.9951622863300145 -0.038528588575617 0.9992574175032596 0.0004017798984292 0.0237841289126663 0.0035793956058691 -0.0002640643395047 0.999993559077818 0.6407536298875129
0.9992901975055865 0.037652009868998 -0.0011947058512226 -2.037034637760371 -0.0376512001709126 0.9992907017823832 0.0006931500283164 0.067330519654206 0.0012199569401986 -0.0006476759195474 0.999999046110029 0.6899891045013646
0.999384050022642 0.0346992530857801 -0.0052423654613258 -2.0793058993294835 -0.0346901489819299 0.9993964625826954 0.0018177295746762 0.111147260198777 0.0053022753561679 -0.0016347515053147 0.9999846066133036 0.7465779735457545
0.9994337123983285 0.0336171058548929 0.0014644847682413 -2.122197102755308 -0.0336191216999537 0.9994337726363168 0.0013743253119754 0.1535284557539853 -0.0014174546974001 -0.0014227817402417 0.9999979832551168 0.8081374715438869
0.9994535937910294 0.0330355576621248 0.0010797166983572 -2.165929281152785 -0.0330372795912645 0.9994528105880004 0.0016178890428825 0.192768210399663 -0.0010256780220448 -0.0016526759207069 0.999998108321659 0.8722848241759493
0.9995302954572454 0.0306461456410784 4.712215813675209e-05 -2.2107234657742083 -0.0306461628555497 0.9995267809465688 0.0026508249322036 0.2271606284411973 3.4137707907628406e-05 -0.0026510239410232 0.9999964854471648 0.936637258519113
0.9998198869204936 0.0189095295575765 -0.0016196944781928 -2.2568006897345185 -0.0189047961891263 0.9998171130885536 0.0028894733633963 0.2549998155373032 0.0016740368392431 -0.0028583329374517 0.9999945137516906 0.9988120123580302
0.9999795776248516 0.0063599738033495 -0.0006285431126082 -2.3043819861486554 -0.0063585182215101 0.9999771593663344 0.0022912860282356 0.2745798752075643 0.0006431012754008 -0.0022872426318981 0.999997177466963 1.0564263067144566
0.9999942612994964 -0.0011431679616407 -0.0031891276371449 -2.353674729820341 0.0011531718054972 0.999994415369189 0.0031367858104497 0.2842811545197037 0.0031855239540034 -0.0031404454214506 0.9999899949697966 1.1071966919544138
0.9999848129996308 -0.0038238960819011 -0.0039688271375695 -2.404617732390762 0.0038407243402979 0.9999836304649669 0.0042411836374465 0.2841798350564204 0.0039525443242208 -0.0042563623975787 0.9999831302439586 1.150792574046136
0.9999489121718016 -0.00833759511998 -0.0057146788226079 -2.4569043535739183 0.0083659383887943 0.9999527338492932 0.0049539017147786 0.2759020004668855 0.0056731050849754 -0.0050014572816406 0.9999714002429044 1.188668191321085
0.9998689996338848 -0.0131684000565533 -0.00941152543878 -2.510218931362033 0.0132217845502562 0.9998967231431158 0.0056327134638237 0.2611307121551363 0.0093363796217186 -0.0057564127379385 0.9999398460547264 1.2223433830513386
0.9996987008560596 -0.0184430105261442 -0.0161976192522078 -2.564245800022036 0.0185523269676925 0.9998059429084816 0.006624778408819 0.2415490330022294 0.016072295131399 -0.0069232858972207 0.9998468629953264 1.2533379978231096
0.999660181949265 -0.0177471808735408 -0.0190934071397484 -2.618669297080487 0.0178726968862689 0.999819637429525 0.006423341521725 0.2188400253144209 0.018975967199959 -0.0067624094326647 0.999797070653586 1.2831718809602537
0.9997309111310642 -0.0044415208173495 -0.0227679208950055 -2.6731737586669624 0.0046118318812569 0.9999617380495652 0.0074332660110957 0.1946867514343466 0.0227340347442156 -0.0075362676254057 0.9997131430238012 1.3133648787206766
0.9996783273345738 0.0151361326288297 -0.0203504139169467 -2.727443520911038 -0.0149922303407588 0.9998616487916828 0.0072052970089585 0.1707722739083692 0.0204566587437492 -0.0068978811688917 0.9997669450168984 1.345436837357738
0.999089985589673 0.0261867655861823 -0.0336668086186003 -2.7811629199422896 -0.025840223640361 0.9996089527949726 0.0106875785075177 0.1487796561559662 0.0339335164202481 -0.0098078947931024 0.999375966122402 1.3809076101179016
0.999153453367868 0.0301692842553214 -0.0279676761742036 -2.834016292821616 -0.0298712284885704 0.9994930670029204 0.0110144778214527 0.1303919588826829 0.0282857973486186 -0.0101697247070541 0.9995481430965374 1.4212970302160102
0.9994708341128964 0.0181438048718112 -0.0269972980582218 -2.885704508051276 -0.0178988823408492 0.9997966766716802 0.0092862978205642 0.1172704962082207 0.0271602976533628 -0.008798162367075 0.9995923722049622 1.4681124896505937
0.9995539897283686 0.0099174333826947 -0.0281685309024109 -2.9366572559811175 -0.0096090345996921 0.9998926359046624 0.0110626903458627 0.1101177730670315 0.028275220108112 -0.0107870838842728 0.999541970479035 1.5223119130350824
0.9994901147743944 -0.0076690353507851 -0.0309951022752946 -2.9883040632121265 0.0080064035781091 0.9999098927486012 0.010775151285494 0.1083209473581519 0.0309096743757033 -0.0110178164928106 0.9994614548594252 1.5840994444261014
0.999273212523614 -0.0171194476994241 -0.034058350564913 -3.0421468964777887 0.0175452689986889 0.9997711058147934 0.0122433456877002 0.1111718781830859 0.0338409554903444 -0.0128320102996983 0.9993448500108304 1.6536246182977266
0.999292512657695 -0.0215330789552975 -0.0308350556505975 -3.0996877243742347 0.0219151900361062 0.9996865089217718 0.0121081924944072 0.1179624259893898 0.0305646624707664 -0.0127753822058358 0.9994511448878046 1.7310369770402758
0.9991212796971888 -0.0259715876117668 -0.0328959738140685 -3.162428512237966 0.0263890645100909 0.9995758175143092 0.0123208082073555 0.1279844497767044 0.0325620289683218 -0.0131780756381383 0.999382835850177 1.81648605420105
0.998018889930036 -0.0401115231484405 -0.0484702078965108 -3.2318712286651134 0.0408750670295582 0.999053678080414 0.0148653021942205 0.1405298083482193 0.0478280695632594 -0.0168170753910569 0.9987140039756844 1.9101213809908584
0.9960502700899304 -0.0566670012722063 -0.0683572265425713 -3.3095178403891623 0.057857979263199 0.9982034145441624 0.0155691177641537 0.1548903616712778 0.0673521617274151 -0.019462634949837 0.997539418845919 2.0120924979401025
0.995014152561792 -0.0660354024302519 -0.0747406303667155 -3.3968703146092594 0.0672436578893355 0.9976416415755774 0.0137639190657661 0.1703579691675258 0.0736554592369182 -0.0187211276439649 0.9971080145622828 2.122548940453271
0.9952433563291688 -0.065739743978199 -0.0718953944584177 -3.49543061805889 0.0668468233954985 0.9976772521518716 0.013099722921566 0.1862244897856726 0.0708672271545999 -0.0178433909437529 0.9973261500206676 2.241640240680681
0.9957240238657258 -0.0665273105240887 -0.0640920061402277 -3.606695611961186 0.0672652673661965 0.997690624459186 0.0094234639275201 0.2017831701814429 0.0633170759179671 -0.0136943353497221 0.9978995004891664 2.3695155893974515
0.9959096891712368 -0.070346222660733 -0.0567036151600295 -3.731350938323885 0.0709675781038306 0.997437863449201 0.0090172842901654 0.2165475800065905 0.0559240008665944 -0.0130045190322262 0.9983503336063017 2.5062683071819265
0.9959662760649106 -0.0655541805555608 -0.0612684776462024 -3.868390132207423 0.0664750339392492 0.9977019305507324 0.0131121179874455 0.230490860507416 0.0602681242795058 -0.0171320514542172 0.998035192770676 2.6518752160000076
0.9976557419825878 -0.0578174145567834 -0.0366082922729469 -4.01659498969093 0.0583291218304639 0.998211887625114 0.0130667880672264 0.243643657398934 0.0357873446299018 -0.0151714856845318 0.9992442604220776 2.806298539384443
0.9982827957171736 -0.0495789435648223 -0.031199168740535 -4.174747305456549 0.0500687689621424 0.9986313284651198 0.0151191329978034 0.2560366190591594 0.0304068766847208 -0.0166552743293476 0.9993988311416492 2.9695005208932344
0.9988396623104674 -0.0420427544673856 -0.0234890568628606 -4.341628876980394 0.0423935657617866 0.9989936913460992 0.0146420706423502 0.2677003921708092 0.0228498266407571 -0.0156208657727291 0.9996168635907448 3.141443390110908
0.9990660144343622 -0.0325024026610477 -0.0284726644959316 -4.516021501272917 0.0330926016331983 0.999241852504994 0.0205085328469483 0.278665624493442 0.027784501424089 -0.0214316127168963 0.9993841641015572 3.322089385471372
0.9987275253886916 -0.0340303951932995 -0.0372191111388786 -4.696706974878907 0.034795989001822 0.9991919030885542 0.0201191439096751 0.2889629629862611 0.0365043720719234 -0.0213886185916947 0.999104578016923 3.511400740285353
0.9974437591655791 -0.0442711262721874 -0.0560893455143662 -4.882467093411833 0.0453432509566808 0.9988095066575016 0.0179877459198763 0.2986230548631283 0.0552262337509754 -0.0204850381788905 0.9982637057994708 3.709339688331056
0.9959392006803942 -0.0566747442376967 -0.0699505676437949 -5.072083652485162 0.0578989438673891 0.9982005938646304 0.015597650699386 0.3076765477017034 0.0689407052991074 -0.0195843757595385 0.997428509407552 3.915868466181564
0.9938413765520984 -0.0692620993456921 -0.0864990164525447 -5.2643384877592325 0.0705929530277465 0.997427891453706 0.0124191921249388 0.3161541117369779 0.0854163522743304 -0.0184489280024949 0.996174524779522 4.130949292319201
0.990512777200784 -0.0913417185646364 -0.1026699987905348 -5.4581549651920795 0.0928247010639244 0.9956347252318564 0.0097503222961493 0.3241721156446147 0.1013312048402798 -0.0191881307621263 0.9946676844873734 4.3544828467020125
0.98739778928933 -0.1123338382446474 -0.1114751743293974 -5.652917214203626 0.1136714593454996 0.9935020615011638 0.0056967642747642 0.3321259301374084 0.1101108761058987 -0.0182965181978212 0.9937508905077914 4.586169468158005
0.9832172305768634 -0.1464333757224082 -0.1088170205955997 -5.848102978430688 0.1475256187282209 0.9890561891926466 0.0020115761420543 0.3404676083227969 0.107331585824578 -0.0180311146150125 0.9940597615788106 4.825668797117942
0.9838649646153914 -0.1610104734595987 -0.0780087100179878 -6.0431899996474385 0.1616522267702444 0.986845878971011 0.001941323814924 0.3496492030462832 0.0766700005385166 -0.0145202821683592 0.996950787362734 5.072640470761144
0.986579365305137 -0.1596281551882392 -0.0343512448873793 -6.237656020093709 0.159873887434321 0.9871271353999138 0.0045120587095462 0.3601227672406821 0.0331887943551938 -0.0099433710762372 0.999399636432238 5.326744129057261
0.9877842046702648 -0.1554539628589553 0.0107902935724197 -6.430978782474995 0.1554150438697684 0.987839634116008 0.0043613539765714 0.3723403530093492 -0.0113370694136721 -0.0026311026201077 0.9999322717845006 5.58763940359313
0.9878128469437936 -0.1446661366254285 0.0574237609937732 -6.6226360271684825 0.1447321241643973 0.9894662349353016 0.0030302075540042 0.3867540147330146 -0.0572572410063444 0.0053177849553859 0.9983452957346522 5.854985943652537
0.9868203363762982 -0.1260618613811169 0.1014595033463986 -6.812105499673635 0.1263602999705847 0.9919782171312936 0.0035058990806988 0.4038158042967552 -0.1010875774045143 0.0093607607676009 0.994833492526432 6.128443379890086
0.9846291258976372 -0.1099848072440359 0.1356791310760337 -6.998864939901978 0.110262526067505 0.9938873379664822 0.0054895150161392 0.423977774065861 -0.1354535336536779 0.0095551873551446 0.990737623498442 6.407671348088115
0.98214784007764 -0.0944651075827205 0.1626713363817101 -7.182392090093344 0.0942665813274646 0.9955067035688512 0.0089562712281388 0.4476919780499884 -0.1627864609716021 0.0065380883188078 0.986639661439513 6.6923294928710675
0.9785521367088382 -0.0797661730550963 0.1899291272520133 -7.362224611919373 0.0788214256437422 0.996809934932802 0.0125354089981645 0.4752756368106929 -0.1903231425813873 0.0027039333216024 0.9817177751994398 6.982189397263028
0.9760448076137384 -0.0705118726842036 0.205826648762562 -7.538210935890675 0.0696193494534839 0.9975063615037704 0.0115846856315885 0.5063466901701759 -0.2061302493859989 0.0030223451284909 0.9785198954124492 7.277603228817497
0.972558957012796 -0.0639515576447639 0.2236945985243962 -7.710299924015999 0.0631108608613683 0.997946853006373 0.0109131945833261 0.540297073959664 -0.2239332364244294 0.0035038335412755 0.9745981883704667 7.579110803939329
0.9695723994176668 -0.0614692456319612 0.2369617988809726 -7.878440496977419 0.0615883995456322 0.9980777342864704 0.0069069069049222 0.5765186092976364 -0.2369308576966632 0.0078973516461732 0.9714944160972314 7.88725202416299
0.9702322699385394 -0.062987111500798 0.2338417545150891 -8.042581568006426 0.0626500321560649 0.997996078543866 0.0088769748174566 0.6144031187795918 -0.2339322890084933 0.0060374660124728 0.9722341452363188 8.202566799410306
0.9690925454844692 -0.0669019435456256 0.2374526652540454 -8.202672054059803 0.0670452083552604 0.9977218880798971 0.0074815829130398 0.6533424248555093 -0.2374122539445501 0.0086697171870186 0.9713702989493068 8.525595040066946
0.9663932893735232 -0.0784644631670416 0.2448006092184615 -8.358660872094333 0.0788852264006972 0.9968507860511616 0.0081013211818974 0.6927283492113929 -0.2446653455427079 0.0114820890559818 0.9695395970879056 8.85687664906709
0.9630937376453668 -0.0999182076622832 0.2499335997536835 -8.510496938135475 0.1006941812208482 0.994870007934215 0.0097133506699944 0.7319527143481537 -0.2496219829593151 0.0158119919849513 0.968214256522247 9.196951538193389
0.9577610258476248 -0.1077490269229471 0.2666157620330491 -8.658129168208688 0.1085316121909987 0.9940224474541398 0.0118432728797592 0.7704073423738009 -0.266298153434319 0.017593213306267 0.9637301345932028 9.546359613177628
0.9475247400534708 -0.1048647498595851 0.301993793352594 -8.801506478339434 0.1070891195162148 0.9942065748446204 0.0092307647012625 0.8074840545887128 -0.3012121967448271 0.0235938715054326 0.9532652001198518 9.905640776021755
0.938114232066244 -0.0896569947521564 0.3345195224299671 -8.940608400851488 0.0915503978943766 0.9957488439481472 0.0101372787921295 0.8426328589848708 -0.3340063056891933 0.0211154698725803 0.9423342956148404 10.275234663043191
0.9285812545043164 -0.0737429698403084 0.3637290587543449 -9.07567340368405 0.0749228212256352 0.9971299190472922 0.0108855592567454 0.8757958787682583 -0.3634878603788328 0.0171434809730107 0.9314411824787148 10.654732748999775
0.9163736908443976 -0.0268859658134787 0.3994200840850301 -9.33516831183806 0.0252479187161351 0.999637374599374 0.0093627936308635 0.9369247292270302 -0.3995269719664989 0.0015047080604419 0.916720205147096 11.440098314426905
0.9209440218283172 -0.0241678407508032 0.3889447571726963 -9.46033752989024 0.0211886186139279 0.99970409868126 0.0119481178904114 0.9652734538103688 -0.3891184281165792 -0.0027623456216552 0.9211835964381636 11.844289347659467
0.9230326408102104 -0.0335922084913856 0.3832522766111119 -9.582947462331504 0.0316259219315327 0.9994343919754656 0.0114322875494011 0.9924003076812368 -0.3834195418349325 0.0015683320129598 0.9235729507049174 12.255034920034632
0.922513648859292 -0.0446354313740565 0.3833748112935524 -9.70336776599288 0.0432296626278525 0.9989896072484192 0.0122866138024633 1.0184967377063003 -0.3835358704702822 0.0052385948212016 0.9235111223947996 12.671496807038238
0.918673828654958 -0.0398997437384098 0.3929967009963954 -9.821968094911426 0.0364770233020742 0.9992035497362868 0.0161769269462467 1.043754189828178 -0.3933291539098786 -0.0005259695936961 0.919397574523952 13.092836779031131
0.9129012770383328 -0.0341663265636897 0.4067479815695764 -9.939118106849492 0.0310879214657579 0.999416116619811 0.0141762822882082 1.0683641122013796 -0.4069948396733306 -0.0002965968971705 0.9134304092319024 13.518216621278045
0.908332587251746 -0.0330647498638248 0.4169396038432805 -10.05518745444715 0.0299643323758368 0.999453190487092 0.0139806584409604 1.0925179506157292 -0.417173884275873 -0.0002057707829507 0.908826665506996 13.946798101819695
0.9058711318887652 -0.0329686692623293 0.4222683498175522 -10.170520978979766 0.0302771804517406 0.999455947577184 0.013080565602674 1.116420278318401 -0.4224698625398743 0.0009357882582452 0.9063764888532116 14.377762203180282
0.9030893061190336 -0.0376396722113651 0.427800140543763 -10.28509722929448 0.0361576004680509 0.9992788686810176 0.0115918305706321 1.140469405800104 -0.4279279531671602 0.0049997683352759 0.9037990203661204 14.810573301905606
0.8997364935857153 -0.0365742261207096 0.4348983422522477 -10.3986153351143 0.0322848095701959 0.9993298437800262 0.0172497652622972 1.1652114372336655 -0.4352377892383636 -0.0014796331502681 0.9003143215036861 15.244911972038608
0.8917934852551159 -0.0343399473399578 0.4511376150059117 -10.510767379775643 0.0299669854159706 0.9994090920848872 0.0168358677572759 1.191196201943967 -0.4514491770306071 -0.0014948828550773 0.8922955821271545 15.680464240534093
0.8867662941479051 -0.0317364403476993 0.4611272469907281 -10.621245447080582 0.0247645923675938 0.9994692640672052 0.0211637697451641 1.218973528513743 -0.4615541729072092 -0.0073476893658025 0.8870815954200187 16.116916126899014
0.8791899975188144 -0.0216452761727164 0.4759794431299254 -10.729741625953466 0.016723310154776 0.9997539326431328 0.0145741230287596 1.2490932461150803 -0.476177781044364 -0.0048534713347346 0.8793356382267631 16.553953657617058
0.8761251477444382 -0.0134683532130221 0.4818955581363201 -10.835947996936738 0.0058122976289975 0.9998321183038184 0.0173767777326782 1.2821051833816457 -0.4820486932728459 -0.0124233115483847 0.8760563444460144 16.99126285359216
0.8724422497730415 0.0009650728867695 0.4887162668105869 -10.939556650817394 -0.0079974283389968 0.999892341702326 0.0123022821054119 1.3185591689689318 -0.4886517798503514 -0.0146415039993079 0.8723560422268662 17.42852973664958
0.8781158738000874 0.0037557187594474 0.4784332834961516 -11.040259668137878 -0.0140705338986923 0.9997393889104946 0.017977050277405 1.359005032281857 -0.4782410817319177 -0.0225177449463868 0.8779398720336233 17.8654403323535
0.8817482896083044 0.000930667930797 0.4717192890162878 -11.137749135959892 -0.0091092167690449 0.999845179654777 0.0150545305792335 1.4039926020268467 -0.4716322465042907 -0.0175712998468841 0.8816202546896295 18.30168066299666
0.8933121910612564 -0.0164258719518569 0.449136415838171 -11.231726703699678 0.0108185811526549 0.9998282407208274 0.0150481679595396 1.4540495035616914 -0.44930645177115 -0.0085836931280362 0.8933364610319581 18.73696073838437
0.8921931590748778 -0.0420296198139596 0.4496942049418513 -11.322178313042969 0.0423919635048363 0.9990580600119846 0.0092689889035772 1.5090434435915083 -0.4496601920675149 0.0107936918329188 0.893134484770587 19.171703645713023
0.8918049392393337 -0.0513660551422487 0.4494946926577128 -11.409415299538525 0.049600657796138 0.9986455397783222 0.015711798975736 1.5680867975606816 -0.4496929231092243 0.0082833725007986 0.8931448150470868 19.60714863274461
0.8748135247494301 -0.0535059055797685 0.4814960176196342 -11.49376683263108 0.0552127763566699 0.9984179790665368 0.0106343031591632 1.6302505458661471 -0.4813032788611216 0.0172816997075385 0.8763837610389368 20.044579666622667
0.8591309043936997 -0.0469664375052698 0.5095961566414403 -11.575562078040091 0.0462963191159054 0.9988295711698412 0.0140049488749151 1.694605670447345 -0.5096574731640673 0.0115603418952177 0.8602997259927984 20.48528072612953
0.8446794408193948 -0.0280275831650573 0.5345382089607441 -11.655130204744635 0.0236508435247588 0.9996071482469144 0.0150395071141982 1.760223152450635 -0.5347497357246674 -6.128292128479429e-05 0.8450104830040879 20.93053578492345
0.8366899668736606 -0.0095886991984725 0.5475928744794203 -11.732800380792469 -0.0016203003629172 0.999799010159339 0.019982840417209 1.8261739732915885 -0.5476744233207235 -0.017606707019966 0.836506264117745 21.381628817601268
0.8294417781948881 0.0029843590340164 0.558585204052218 -11.80890177283436 -0.0183899507926999 0.9995895532267596 0.0219666745268565 1.8915291140801855 -0.5582903781140637 -0.0284924319966347 0.8291562187092208 21.83984379735648
0.8353202632822619 0.0128013497139351 0.5496145769496605 -11.883763548918068 -0.0300164079435825 0.9992996212999332 0.0223446218131921 1.9553595569523168 -0.5489435972886625 -0.0351623707293987 0.8351194732973668 22.306464703437086
0.8431272845294975 0.0103190108407463 0.5376150110415299 -11.95771487802267 -0.0283903561867573 0.999275580125108 0.0253436903630454 2.0167362823849544 -0.5369640302268904 -0.0366310384905673 0.8428094667607845 22.782775505310383
0.8505084256774519 0.0090121755999868 0.525884206401578 -12.031084295827895 -0.0274790169080938 0.9992490528899978 0.0273172825919243 2.074736403497809 -0.525243107028952 -0.0376843600104519 0.8501173845588478 23.270051169475664
0.8541196193768961 0.0002999009648276 0.5200765192304663 -12.10414855228737 -0.0213721636381378 0.9991753479610684 0.0345232479396461 2.1289389368976117 -0.5196372835131163 -0.0406021438632114 0.8534216774237813 23.768828476360795
0.8557569479300087 -0.0044366667763051 0.5173590262645782 -12.177094968035815 -0.0163191772797872 0.9992342075536664 0.0355623805095678 2.179789664092823 -0.5171206150623153 -0.038875627872903 0.8550292129717326 24.278369461558217
0.85523477987539 -0.0047515321111691 0.5182189635994515 -12.250101991929114 -0.0097744502755879 0.9996322006791178 0.0252967090198256 2.227820366017113 -0.518148561141786 -0.0266999308617118 0.8548737814898038 24.797809657301514
0.8562950999059914 -0.0035985342325738 0.5164743482772066 -12.32334807375446 -0.0062729380348705 0.9998295110786332 0.0173666065963327 2.2735628242007806 -0.5164487894509957 -0.0181107517137777 0.8561265376957797 25.32628460187334
0.8537203983286917 -0.0097958344253387 0.5206395327915573 -12.397011660039423 -0.0004151104757514 0.9998099246867096 0.0194921056135269 2.3175488198539824 -0.5207315135084423 -0.0168569310927971 0.8535540608030284 25.86292982937357
0.8462404081713154 -0.0018158484816382 0.532798155282408 -12.47127119731158 -0.0125565135755602 0.999648485080372 0.0233503799400386 2.3603101353219245 -0.5326532695336359 -0.0264501223212505 0.8459201413161407 26.40688088321076
0.8429665736931071 -0.0003166581223454 0.5379658496259192 -12.546305136755109 -0.0190962174247347 0.99935199389568 0.0305110926843964 2.402378551552829 -0.5376269060567662 -0.0359929440913371 0.8424142792352628 26.957273297476604
0.8428639849022489 0.0029607636811697 0.5381185156014668 -12.62229192443192 -0.0233428316556765 0.9992447738534604 0.0310643547629981 2.4442858501060982 -0.5376201402151864 -0.0387442357644452 0.8422965445910561 27.513242608133623
0.8432371387001976 0.0070961940559177 0.5374949041122384 -12.699410009663552 -0.0226878878130583 0.9994916708105896 0.0223977616479412 2.4865638128030696 -0.537062740900247 -0.0310812485298878 0.8429694943036421 28.07392435625934
0.841597153206756 0.0072375248578537 0.5400572654341539 -12.777837861329315 -0.0229387240494455 0.9994869702045566 0.0223519871666721 2.5297438695270102 -0.5396184269029994 -0.0311995933506773 0.8413314083769161 28.63845403677351
0.8414714486576056 0.0071626424884878 0.5402541047013458 -12.857766255736353 -0.0246497621203993 0.999379904978014 0.0251434833215946 2.5741620476110256 -0.5397390020384654 -0.034474658500378 0.8411262138346446 29.205948730505952
0.8403274604628314 0.0138088111345832 0.5419031979303481 -12.93941871356219 -0.0369708639576795 0.9988077343159087 0.031878912919729 2.619634306691296 -0.5408168954556721 -0.046823355345066 0.8398360905461962 29.77547643624439
0.8400982132854689 0.0231374736030285 0.5419406326802151 -13.023024146445096 -0.0497746779828164 0.9981629187067792 0.0345437280916528 2.6658910382539034 -0.5401457890850115 -0.055995044727478 0.839706544871301 30.34609709038159
0.8415863260951617 0.0324592511565921 0.5391464112316817 -13.108811465557665 -0.0565886089005044 0.9979978789774374 0.0282482370997217 2.7126626334211323 -0.5371500582447647 -0.0542828754847199 0.8417381922882889 30.91687062791425
0.8507231435397161 0.026443454820359 0.5249484515103052 -13.19700957974419 -0.0491193950502893 0.9983627302300504 0.0293111568774304 2.759679483206128 -0.5233138810272447 -0.0507208298903256 0.8506291667580179 31.486856981047826
0.8586823638517156 0.0165047789853282 0.5122423159801183 -13.287847399711609 -0.0383103382242828 0.9987521004852624 0.0320399713079957 2.8066719791968353 -0.5110742763974441 -0.0471363346784791 0.8582431182117967 32.05511608756842
0.8625324885849721 0.0092782784152768 0.5059166133712782 -13.381553837563844 -0.0285492231836418 0.9991315420055356 0.0303496890470247 2.8533705117733916 -0.5051956531790684 -0.0406211191289591 0.8620483029910132 32.620707875954395
0.8639161961457605 0.0038843051744496 0.5036206093979391 -13.478357802145185 -0.0214409556283719 0.9993473298665344 0.0290723186273561 2.8995054730403353 -0.5031789855099098 -0.0359141540613178 0.8634356270616115 33.18269228725694
0.8626622745910083 0.0020691104273315 0.5057761548150597 -13.578488206025211 -0.0228156134412064 0.9991328751257608 0.0348273689249127 2.9448072524101008 -0.5052655220582236 -0.0415838505308255 0.8619614466983203 33.7401292434306
0.859605707007939 0.0091589367833405 0.5108758580676719 -13.682173957582563 -0.0277226539992034 0.9992026210678872 0.0287328471666954 2.9890062421618495 -0.5102053340907187 -0.0388617540528345 0.8591741855626921 34.29207868599315
0.8597694934117194 0.0083013068947111 0.5106148318472501 -13.789553894661369 -0.0275296648691199 0.9991673967813725 0.0301103098843106 3.031864875840256 -0.5099397373717308 -0.0399449810736603 0.8592821787610142 34.83790585990937
0.8613071494211578 0.0063048562719483 0.5080455128661105 -13.900387430563567 -0.027959028405167 0.9989960603289372 0.0350023453200135 3.0732805656662094 -0.5073147810646151 -0.044352229195977 0.860618726660482 35.378262120670115
0.8576096099535647 0.0084546989311464 0.5142317327638178 -14.014334089122713 -0.0269148035257459 0.9992325635179428 0.0284583442338268 3.113186259586655 -0.5135964858392876 -0.0382465955523384 0.8571790056121246 35.914137415727055
0.8583432735804095 0.0105312790368374 0.5129677542118166 -14.131053392309695 -0.0307322091546457 0.9990494984842672 0.0309132802984301 3.1515149041370023 -0.5121546212031496 -0.0422988385204896 0.8578510664678783 36.446521683235915
0.8552871689515339 0.0209586811167847 0.5177302312138198 -14.250204863026738 -0.0409584761416615 0.998789724917015 0.0272302888773969 3.188199448326486 -0.5165329242739745 -0.0444951580066693 0.8551104718426378 36.97640487858098
0.8498715974844939 0.0267779602806881 0.5263090428943437 -14.371448026038706 -0.0483317659693048 0.998459699738148 0.0272446030820002 3.2231728381448193 -0.5247688140385656 -0.0485918598328287 0.8498567661497698 37.50477693665016
0.8639085332652295 0.0256281932204804 0.5029962642642324 -14.494442401453853 -0.0477360617354408 0.9983750993898556 0.0311195971742262 3.256368022040988 -0.5013814062782046 -0.050895546274204 0.8637281567761588 38.03262780864043
0.8692043439531207 0.0209870555723178 0.4940074411903423 -14.618847514502704 -0.0418265040565936 0.9986386185136806 0.0311681435361661 3.2877179481001804 -0.4926807810453223 -0.0477540899975252 0.8688988404164663 38.56094744387792
0.8728116896166168 0.0155771630148977 0.487808473133661 -14.744322889018804 -0.0335721714193359 0.999039309931873 0.0281667626296946 3.317155563199776 -0.4869010821252887 -0.0409610693617017 0.8724961472820203 39.09072578284031
0.8703122756664863 0.0162632328768422 0.4922317036524726 -14.870528044644743 -0.0342114411311616 0.9990367191695332 0.0274811034477193 3.3446138153158245 -0.4913106147031134 -0.0407570976318086 0.8700303091689854 39.62295277439807
0.8709222149929265 0.0182637806141487 0.4910813881114748 -14.99718545936048 -0.0385762160861823 0.9987663008866142 0.0312690224621992 3.370101074629929 -0.4899044508720929 -0.0461769480471326 0.870552306575984 40.15845240073213
0.8677982502719555 0.0204724871612863 0.4964947875802561 -15.124443768057972 -0.0419855170743798 0.998598945823595 0.0322081007822818 3.39413627536851 -0.4951397915547988 -0.0487957238847384 0.8674419658684003 40.69692511804624
0.8739547347120493 0.0136097022480763 0.4858167326051154 -15.252628314308822 -0.0355529769520573 0.9987199137083532 0.0359794356852082 3.417450061235286 -0.4847051758587256 -0.0487166292665888 0.873319862666975 41.23760551098985
0.8772853495962389 0.0069974658339213 0.4799181709997113 -15.38206500886008 -0.0260561393003065 0.9991135737817382 0.0330627326433581 3.4407737581132096 -0.4792614036082691 -0.0415102656819521 0.8766900278059776 41.77972666491951
0.8796863254980642 0.0018332857113582 0.475550846698031 -15.513079765252767 -0.021472252872317 0.9991258243524468 0.0358682236614976 3.464838692518242 -0.4750693750267439 -0.0417639339088701 0.8789566899092098 42.32252166751459
0.8769608511366522 -0.0025628762396321 0.4805549887776205 -15.645998499821872 -0.0195658579716043 0.998966191683449 0.0410332191681467 3.4903761898895027 -0.480163350096104 -0.0453869974645435 0.8760040968429544 42.86522360133313
0.876364738412714 0.0105374920939038 0.4815327678644375 -15.91885154414922 -0.0267937048821575 0.999279099406542 0.0268957035218957 3.548794176938827 -0.4809022173430928 -0.0364724930546401 0.8760153050060692 43.94728060126272
0.8776807894090485 0.0063882691660607 0.4792031113414972 -16.059437680989504 -0.0220230179229565 0.9993924532963794 0.0270131630100751 3.583137317786168 -0.478739405714502 -0.0342624329449283 0.8772882463049531 44.48510183202416
0.8762809206534932 0.0038805855556557 0.4817848992594222 -16.203231445979327 -0.0212434899638416 0.999306269598902 0.0305891103905089 3.621878325327998 -0.4813319667680742 -0.0370394464871144 0.8757554551192392 45.01976233402365
0.8741144335522566 0.01271485532278 0.4855535907701005 -16.35046635894105 -0.0324426796281312 0.9989532923989514 0.0322458081592215 3.6656491176981945 -0.4846353573504144 -0.0439391859211757 0.8736119953082263 45.55041283859737
0.8731363368233863 0.0218171165684996 0.4869876289427429 -16.50032399315387 -0.0436693840140675 0.998482064263168 0.0335641511823964 3.7139497761891103 -0.4855161400185066 -0.0505725297903848 0.872763712016105 46.0752664451029
0.8722975033200705 0.0282517550413349 0.4881586873534627 -16.651317587587982 -0.0517136064201638 0.9980608032000204 0.0346458659402588 3.765561297084787 -0.4862332450713256 -0.0554659485884303 0.8720669469338889 46.59194055173339
0.8727713777350237 0.0414667137302233 0.4863647128019513 -16.801949699874967 -0.067562203004005 0.9970569860825363 0.0362314121896228 3.8192531825698097 -0.4834309370859032 -0.0644816109943327 0.873004381954536 47.09804303481542
0.8717116792850832 0.0502201382627178 0.4874389047981847 -16.950722887646407 -0.0794310545032592 0.9960603136704128 0.0394278976271786 3.8737949356800527 -0.4835384739381972 -0.0730875450653018 0.8722664472383694 47.591181778127066
0.869748858025857 0.0593928157268255 0.4899075600587902 -17.096139708999544 -0.0912053667419798 0.9949754755091036 0.0412962978109908 3.927956057646952 -0.4849933041189114 -0.0805996065466353 0.870795727127981 48.06896465240425
0.8811161105866473 0.0676897891873557 0.4680304392926067 -17.236702719237655 -0.0992763925069158 0.994125134599407 0.0431209305155129 3.980506050080294 -0.4623619767622247 -0.0844589201771028 0.8826596701147312 48.52899953025008
0.8932269750518472 0.0728768506273031 0.4436603832689734 -17.370914477854967 -0.1006505855802457 0.9941437506158272 0.0393403448618534 4.030214415251976 -0.4381951969865488 -0.0797945346132281 0.8953311128201557 48.96889428985105
0.9054040009207752 0.0733240451799087 0.4181712322902036 -17.497277540620416 -0.0998834665657603 0.994114413513128 0.0419502795253659 4.075850655004615 -0.4126340851450101 -0.0797503432212325 0.90739902718299 49.38625680660334
0.9147764034865968 0.0707991365899675 0.3977079504891024 -17.614294465631247 -0.0936279051156938 0.9948722124562086 0.0382504413848402 4.1161842708534095 -0.3929604903902858 -0.0722271634539497 0.9167143992823624 49.77869495171126
0.9255053212325816 0.0646113045453866 0.373182635843523 -17.720569705590606 -0.0858916725835396 0.9954743760226272 0.0406618649739868 4.150047381925106 -0.368866535417593 -0.0696860531763995 0.9268664051748332 50.14399283189687
0.9346603796640331 0.0526351615258844 0.35162410960773 -17.816871939226985 -0.0722152209091481 0.996470600014171 0.0427937516051223 4.177602078249038 -0.3481306314522293 -0.0653902368747966 0.9351626491504728 50.48367762117141
0.9392315750756368 0.0449375927671721 0.3403302236611237 -17.906038882676512 -0.0633758644609899 0.9970520969329156 0.0432506162441389 4.2002819220288075 -0.3373833845712634 -0.0621910665447002 0.9393107702231844 50.80285492386883
0.9437321494433888 0.0407178907429542 0.3281945817352965 -17.99099109508097 -0.0584487579071067 0.9973052690756472 0.0443389554801119 4.219571384994197 -0.3255047969017936 -0.0610266634135912 0.9435689553745008 51.10677362172828
0.9402507784573282 0.0441270359633058 0.3376111347504426 -18.074649135116488 -0.0611311229512955 0.9973320953889312 0.0398958307826429 4.236954940839496 -0.3349499356875621 -0.0581506337387374 0.94043981433087 51.400682609072646
0.9405004243537438 0.0580918189408546 0.3347899227315106 -18.15993356332183 -0.0774237189401315 0.9959967040164488 0.0446781079931811 4.253917060952517 -0.3308542270183464 -0.067940460408462 0.941233007444798 51.689830766244995
0.9402524016102296 0.0773664005544278 0.3315718041864341 -18.249764937441796 -0.0978187488834397 0.9941673615812592 0.0454175025010885 4.271942218627373 -0.3261240770520842 -0.0751378548523288 0.942336133837134 51.979466985236286
0.9449175273869896 0.092944045003517 0.313834782863917 -18.34706381801516 -0.113436566545178 0.992402548103096 0.0476374630823595 4.292514887376456 -0.307022819684953 -0.0806138140573063 0.9482818152721454 52.274840160363055
0.951409082635776 0.1043749536887118 0.2897009259920145 -18.454750765580684 -0.1223967846816981 0.991471793990913 0.0447516348307246 4.317119538696716 -0.2825593470011803 -0.078035573701484 0.9560704287129412 52.58119917104159
0.952768936386204 0.1246301272560875 0.2769452748064725 -18.57574633602053 -0.1429479480448715 0.9886190666142356 0.0468852351658626 4.347240645933198 -0.2679500662572449 -0.0842595543955042 0.9597411575449964 52.90379291065892
0.9608831173558424 0.1340680591182417 0.2423414745865554 -18.71295342547819 -0.1503331918353898 0.9873786346244424 0.0498333554936396 4.384337044932181 -0.2326017330397656 -0.0843159973637221 0.9689103396989108 53.247795605348074
0.9691814030700576 0.1395198775320905 0.2030310609650288 -18.868405087385327 -0.1529370069543495 0.9868726693044614 0.0518903313126093 4.428605230423273 -0.19312607241644 -0.0813421068900824 0.9777963907683862 53.6147050587133
0.9764374027782065 0.138242254451082 0.1657078077220052 -19.04288537753746 -0.1480374620156135 0.9878047739192972 0.0482352408745108 4.478429101436632 -0.1570188151010144 -0.0716296566132254 0.9849945603899268 54.000740095845686
0.9830124314727642 0.1325813297940963 0.1269202527575223 -19.237081723753363 -0.1397653930494656 0.9889496350333404 0.0494394000079975 4.532052333459433 -0.1189629962456085 -0.0663386038250088 0.9906800670079196 54.40171115831435
